[DRONES]
0,4.18,5021,14.26,56,99
1,2.29,9262,7.98,92,9
2,2.24,5257,14.87,6,79
3,2.65,6050,6.49,13,62
4,3.26,6109,9.37,76,5

[DELIVERIES]
0,39,76,1.15,3,09:14,10:13
1,19,179,1.0,5,12:54,14:22
2,15,97,0.58,5,10:16,11:30
3,14,99,1.17,2,10:37,11:15
4,38,119,1.26,4,09:16,10:15
5,198,54,2.51,3,10:05,11:23
6,115,10,1.53,4,10:52,11:41
7,112,46,1.69,1,12:38,13:25
8,10,158,2.45,2,12:53,14:07
9,65,188,1.99,1,11:15,12:25
10,100,43,1.4,1,09:40,11:05
11,108,31,1.3,4,09:07,10:34
12,60,118,2.2,2,12:23,13:51
13,37,69,1.82,3,09:55,11:10
14,4,128,2.24,4,12:35,13:36
15,152,12,1.6,3,12:52,13:50
16,184,38,1.45,1,11:30,12:24
17,71,6,2.35,1,12:20,12:57
18,156,104,1.9,2,12:49,13:30
19,102,46,2.53,4,09:06,09:44

[NO_FLY_ZONES]
0,102:78;112:78;112:88;102:88,09:48,10:42
1,74:80;84:80;84:90;74:90,10:45,11:45
